83 346930886
77 214636915
93 424238335
86 149760492
49 189641421
62 350490027
90 102520059
63 467513926
40 40383426
72 303455736
11 21595368
67 226956429
82 361021530
62 233665123
67 468703135
29 301979802
22 135723058
69 125898167
93 89018456
11 156478042
29 153377373
21 414544919
84 256898537
98 473594324
15 38664370
13 184803526
91 424268980
56 249241873
62 42999170
96 135497281
5 84420925
84 327336327
36 159126505
46 132621729
13 433925857
24 84353895
82 1100545
14 48233367
34 85990364
43 260313750
1 1000000000000000000000000000000000000000000000000000000000000000000000000000000000000000000000000000
0 0