1
2
3
4
5
6
7
8
9
10
11
12
13
14
15
16
17
18
19
20
21
22
23
24
25
26
27
28
29
30
31
32
33
34
35
36
37
38
39
40
41
42
43
44
45
46
47
48
49
50
51
52
53
54
55
56
57
58
59
60
61
62
63
64
65
66
67
68
69
70
71
72
73
74
75
76
77
78
79
80
81
82
83
84
85
86
87
88
89
90
91
92
93
94
95
96
97
98
99
100
1426539184
1
1395038620
4294967295
287793520
1523277147
930243425
442120679
650204270
1480168157
146
219820595
701855782
1474812156
231689137
1210247488
551648240
375563054
771951528
618397719
9762
1557317601
451391103
63271359
890734831
1190274902
687280594
1572156926
5876
1333816978
2043386059
2014212826
835707887
1290941030
714340190
1123501406
666734528
1644583615
1565622084
1316938797
977268123
885459701
1536759392
1679123904
21
1768448528
741887743
76
2144011581
151
4294967295
4294705156
0
