1

14
Elbridge Gerry
George Bush
Theodore Roosevelt
Dwight D. Eisenhower
Franklin Pierce
John Adams
Martin Van Buren
Franklin D. Roosevelt
Thomas Jefferson
Rutherford B. Hayes
Andrew Johnson
James A. Garfield
Warren G. Harding
John Tyler
6 4 7 2 8 10 11 3 12 14 13 1 5 9
14 8 5 10 11 3 7 13 12 1 2 9 4 6
13 6 4 14 11 7 12 5 3 9 1 8 2 10
6 10 7 13 11 1 12 2 9 14 5 3 4 8
13 8 5 10 6 12 1 7 4 3 2 9 14 11
3 5 14 10 8 2 1 12 7 11 4 6 13 9
1 7 2 13 3 10 5 9 6 11 12 14 8 4
10 14 1 5 6 11 4 2 13 8 3 9 12 7
1 12 2 6 9 11 5 8 7 10 13 4 14 3
11 3 7 14 13 6 9 10 5 8 2 12 1 4
14 10 9 8 1 13 2 4 3 12 6 5 11 7
1 8 7 11 6 5 3 12 2 14 10 4 13 9
5 14 12 9 4 11 2 8 7 6 1 13 3 10
13 5 6 3 2 10 7 9 1 4 11 14 12 8
7 5 1 12 8 11 3 6 14 10 4 9 2 13
9 4 13 12 1 11 2 10 8 7 3 6 5 14
14 5 12 3 13 8 4 10 11 9 2 6 1 7
13 10 4 8 11 2 7 12 5 6 1 3 14 9
4 2 14 10 8 13 6 11 12 1 9 5 7 3
6 8 3 13 1 9 14 5 11 4 12 10 7 2
6 3 10 2 7 4 12 5 11 8 14 9 1 13
9 2 14 4 11 6 13 12 10 7 8 5 3 1
4 13 1 8 2 6 9 7 3 14 5 11 12 10
14 1 11 5 3 10 2 12 13 4 6 8 9 7
2 10 7 12 4 11 13 9 3 1 5 8 6 14
3 8 11 1 13 5 6 9 10 7 12 14 2 4
9 4 12 14 10 3 13 2 11 5 7 8 6 1
10 13 14 9 5 1 4 2 8 3 7 11 12 6
12 5 4 3 1 13 6 7 2 8 14 11 9 10
5 11 3 7 6 2 14 8 12 10 4 13 1 9
3 11 7 5 6 4 14 10 9 12 1 8 2 13
5 10 4 12 1 8 2 11 14 7 9 3 6 13
6 13 9 14 3 2 4 11 8 1 10 5 12 7
7 6 1 3 14 9 10 2 5 12 4 8 11 13
10 3 8 11 5 9 14 1 7 4 12 6 2 13
1 10 2 5 13 12 7 11 8 9 3 14 6 4
3 1 10 2 14 6 13 12 5 7 8 11 9 4
9 2 1 11 8 12 13 5 6 4 10 14 7 3
9 1 6 14 12 10 4 13 7 3 8 11 5 2
11 13 12 3 8 14 7 10 4 1 5 9 6 2
5 9 1 7 3 6 13 12 4 8 2 14 11 10
6 9 8 3 11 4 12 14 1 5 2 10 7 13
4 5 9 14 12 7 13 2 11 3 10 1 6 8
11 6 13 7 2 9 4 5 10 1 8 3 14 12
3 9 7 6 5 4 2 11 13 10 14 1 8 12
9 11 5 12 7 4 2 10 13 1 3 6 8 14
7 4 9 5 11 3 13 8 2 1 14 10 12 6
14 11 2 3 7 13 4 8 6 5 9 12 1 10
3 12 14 13 1 7 6 8 4 2 11 9 5 10
2 8 14 10 3 12 13 6 4 9 7 11 5 1
2 10 7 3 13 4 9 5 14 8 11 6 12 1
7 8 3 4 5 13 11 9 12 14 1 6 2 10
12 4 10 2 7 11 3 6 9 14 5 1 8 13
12 13 4 2 6 5 10 1 3 9 8 14 11 7
2 14 4 1 8 13 10 6 9 5 7 3 11 12
5 11 2 7 13 10 12 14 8 4 6 9 1 3
3 1 6 9 8 2 4 14 5 12 10 7 13 11
13 4 6 12 3 7 14 8 10 5 1 11 2 9
2 3 13 9 14 7 4 8 12 10 6 11 5 1
12 7 11 4 9 8 14 13 2 5 1 10 3 6
7 13 14 1 10 11 2 9 3 5 4 6 12 8
9 10 11 13 6 8 1 12 3 5 2 7 14 4
5 12 8 11 2 6 14 7 4 3 13 1 9 10
7 4 5 14 11 8 2 1 6 10 9 3 12 13
4 6 5 14 1 10 8 11 7 13 2 12 9 3
14 8 4 3 9 2 11 1 13 5 10 6 12 7
13 8 7 10 5 6 12 14 4 1 9 2 11 3
5 10 14 6 9 2 8 11 3 12 7 13 4 1
12 3 13 5 2 14 1 9 11 4 10 8 6 7
9 10 3 14 2 5 7 1 11 6 13 12 4 8
6 2 3 13 7 10 11 9 1 5 12 8 14 4
2 10 11 14 13 1 4 9 3 6 8 5 7 12
10 4 5 7 9 8 6 14 1 13 11 12 3 2
7 13 5 8 9 4 11 1 14 12 2 6 10 3
3 11 14 8 10 12 9 5 7 4 13 1 6 2
8 7 5 6 14 1 10 3 9 4 11 2 13 12
9 4 12 7 3 11 14 5 10 1 8 13 2 6
13 2 5 3 4 10 12 9 11 7 8 1 6 14
4 9 12 8 14 2 11 7 1 6 10 3 13 5
6 7 9 5 11 8 1 2 10 14 4 3 12 13
5 3 7 13 14 11 2 12 8 10 9 1 4 6
13 2 5 1 10 4 11 8 12 6 9 3 14 7
8 11 10 14 4 7 2 9 3 5 1 6 13 12
14 11 4 10 1 7 9 6 3 13 12 8 2 5
